# Created by Octave 2.1.35, Tue Sep 09 22:01:51 2003 PDT <machack@Starfury.local.>
# name: floatdata
# type: matrix
# rows: 512
# columns: 1
 0.22749842014986
 0.627155366976618
 0.133519906111763
 0.381240408052722
 -0.0650898257650988
 0.361469712015889
 0.074298095152117
 0.364629412295748
 0.398573621016521
 0.150672564773856
 0.101110408955493
 -0.247269116186693
 -0.318317233908098
 -0.361830820619301
 -0.610544371219644
 0.272185609822154
 -0.418163762751648
 0.783605669405074
 0.147964250248262
 0.904847883000813
 0.54789202852758
 0.871174505732599
 0.629863681502212
 0.874243928861605
 0.314706147873973
 0.191748668412025
 -0.101561794709759
 -0.40028888688273
 -0.169450212151305
 -0.51692696578496
 -0.304595106978424
 -0.370858535704613
 -0.300984020944299
 -0.225331768529385
 -0.178839035840029
 -0.119888056332942
 -0.104360386386206
 -0.230477566128013
 -0.161054437121964
 -0.4269206463844
 -0.0815202672203665
 -0.506996479191117
 0.0381872348108694
 -0.372934910174235
 -0.279859167644669
 -0.305858987090367
 -0.136228220637357
 -0.553850320483885
 -0.0109235352532274
 -0.504288164665523
 -0.028798411122145
 -0.408594384761217
 -0.336824049832987
 -0.574072402274984
 -0.187144533718516
 -0.691342421233186
 -0.0890132707411754
 -0.436038638620565
 -0.532364358580843
 -0.11230477566128
 -0.870813397129187
 0.137221269296741
 -0.503114561704433
 -0.225692877132798
 -0.314164484968854
 -0.430170623815112
 -0.342962896090999
 -0.283921639433059
 -0.118895007673558
 0.00216665162047486
 -0.184436219192922
 0.401011104089555
 -0.250248262164846
 0.299178477927237
 -0.105172880743884
 -0.296740994854202
 -0.0736661550961452
 -0.252144082332762
 0.00523607474948091
 -0.260810688814661
 -0.0604856910715898
 -0.0813397129186603
 0.158526676898077
 0.361018326261623
 0.180915410309651
 0.555204477746682
 -0.0367428003972195
 -0.0688814661009299
 -0.103818723481087
 -0.604405524961632
 0.0980409858264873
 -0.639884445246908
 0.0061388462580121
 -0.459962083596642
 -0.14588787577864
 -0.580120971382143
 -0.0540760133610183
 -0.790557010020764
 0.104811772140471
 -0.803015256838494
 0.253949625349824
 -0.701272907827029
 0.273088381330685
 -0.198338900424303
 -0.0408955493364629
 -0.0857632933104631
 0.031055339893473
 0.111582558454455
 0.260359303060395
 -0.172880743883723
 -0.0657217658210707
 -0.768980770966868
 -0.240046944118444
 -0.942764286359122
 -0.259185700099305
 -0.604134693509073
 -0.45093436851133
 -0.240498329872709
 -0.747404531912973
 -0.378080707772863
 -0.913604766633565
 -0.451837140019861
 -0.848244109415907
 -0.113117270018958
 -0.576329331046312
 -0.212241581655683
 0.141915681141103
 -0.160783605669405
 0.312990882007764
 0.187776473774488
 -0.0876591134783786
 0.506906202040264
 -0.195450031597003
 0.276428635912251
 -0.634106707592308
 -0.229303963166922
 -0.752550329511601
 -0.389636183082062
 -0.436128915771418
 -0.257109325629683
 -0.118714453371852
 -0.20204026360928
 -0.0936174054346845
 -0.265053714904758
 -0.245824681773043
 -0.0956035027534531
 0.0662634287261894
 0.163672474496705
 -0.0315970027985917
 0.000631940055971834
 -0.219373476573079
 -0.229845626072041
 0.0153471156450302
 -0.362191929222714
 0.278324456080166
 -0.290060485691072
 0.311365893292408
 -0.00315970027985917
 0.399837501128464
 0.0293400740272637
 0.472510607565225
 0.0762841924708856
 0.257921819987361
 0.215942944840661
 0.221179019590142
 0.298365983569559
 0.163311365893292
 0.54933646294123
 -0.0539857362101652
 0.597815292949355
 -0.214317956125305
 -0.105443712196443
 -0.265143992055611
 -0.355691974361289
 -0.172068249526045
 -0.0703259005145798
 -0.333935181005687
 0.126117179741807
 0.0269025909542295
 0.0678884174415455
 0.228672023110951
 -0.11519364448858
 0.050013541572628
 -0.385032048388553
 -0.0555204477746682
 -0.516295025728988
 -0.198248623273449
 -0.337546267039812
 -0.0747494809063826
 0.107790918118624
 0.0380969576600163
 0.549878125846348
 -0.0666245373296019
 0.400108332581024
 -0.466732869910626
 -0.0166109957569739
 -0.915951972555746
 -0.235171977972375
 -0.612711022840119
 -0.148054527399115
 -0.0665342601787488
 0.411212422135957
 -0.0455899611808251
 0.399566669675905
 -0.307574252956577
 0.238151123950528
 -0.155547530919924
 0.533808792994493
 0.307754807258283
 0.307845084409136
 0.563148867021757
 -0.146700370136319
 0.567482170262707
 -0.286629953958653
 0.275796695856279
 -0.0359303060395414
 -0.030333122686648
 -0.0223887334115735
 -0.540489302157624
 -0.265053714904758
 -0.789654238512233
 -0.237970569648822
 -0.360205831903945
 0.366976618217929
 0.22343594836147
 0.542385122325539
 0.317595016701273
 0.557280852216304
 0.0646384400108333
 0.767536336553218
 0.0450482982757064
 0.323463031506726
 -0.119888056332942
 -0.426378983479281
 -0.475309199241672
 -0.742800397219464
 0.0208540218470705
 -0.789202852757967
 0.488760494718787
 -0.402274984201499
 0.177936264331498
 -0.169811320754717
 -0.382955673918931
 -0.222533176852939
 -0.543829556739189
 -0.167464114832536
 -0.315879750835064
 -0.118353344768439
 0.0739369865487045
 -0.187776473774488
 0.243206644398303
 -0.40724022749842
 0.202401372212693
 -0.480093888236887
 0.242303872889772
 -0.475850862146791
 0.177575155728085
 -0.223616502663176
 0.139297643766363
 0.00550690620204026
 -0.228401191658391
 0.511871445337185
 -0.13893653516295
 0.503385393156992
 0.122235262255123
 0.202943035117812
 -0.0517288074388372
 -0.142547621197075
 0.0844994131985195
 -0.374559898889591
 0.337997652794078
 -0.44398302789564
 0.253769071048118
 -0.378532093527128
 0.245553850320484
 -0.52794077818904
 -0.0551593391712558
 -0.209623544280942
 -0.360025277602239
 0.125665793987542
 -0.710300622912341
 -0.152568384941771
 -0.812313803376365
 -0.133971291866029
 -0.38638620565135
 0.447955222533177
 0.115103367337727
 0.618217929042159
 0.0255484336914327
 0.334476843910806
 0.0423399837501128
 0.35659474586982
 0.21765821070687
 0.372754355872529
 0.144172609912431
 -0.166200234720592
 0.0431524781077909
 -0.530287984111221
 0.015888778550149
 0.0468538412927688
 -0.235171977972375
 0.00920826938701815
 -0.488038277511962
 -0.265775932111583
 -0.87785501489573
 -0.0492010472149499
 -0.889229935903223
 0.446149679516114
 -0.355782251512142
 0.225692877132798
 0.116457524600524
 0.0949715626974813
 0.403990250067708
 0.376816827660919
 0.328337997652794
 0.236345580933466
 0.0708675634196985
 -0.145436490024375
 0.0262706508982577
 -0.37510156179471
 0.0582287623002618
 -0.200956937799043
 -0.0288886882729981
 -0.053805181908459
 -0.251151033673377
 0.129547711474226
 -0.217026270650898
 0.390268123138034
 -0.00144443441364991
 0.583732057416268
 0.0686106346483705
 0.344768439108062
 0.0479371671030062
 -0.362011374921007
 -0.0418885979958473
 -1
 0.0342150401733321
 -0.828924799133339
 -0.0770966868285637
 -0.414101290963257
 -0.190484788300081
 -0.36670578676537
 -0.365532183804279
 -0.0248262164846077
 -0.46917035298366
 0.349282296650718
 0.0552496163221089
 0.695404893021576
 0.405434684481358
 0.508079805001354
 0.273630044235804
 -0.280671662002347
 0.193373657127381
 -0.699377087659113
 -0.102013180464025
 -0.715626974812675
 -0.331136589329241
 -0.606481899431254
 -0.49173964069694
 -0.232373386295928
 -0.42141374018236
 0.198970840480274
 -0.197255574614065
 0.465198158346123
 -0.317414462399567
 0.41012909632572
 -0.693328518551955
 0.300893743793446
 -0.144894827119256
 0.702988173693238
 0.338900424302609
 0.528933826848425
 0.0777286268845355
 -0.345039270560621
 -0.196352803105534
 -0.73864764828022
 -0.46917035298366
 -0.485239685835515
 -0.720592218109597
